netcdf bField_created {
dimensions:
	nR = 14 ;
	nZ = 14 ;
variables:
	double r(nR) ;
	double z(nZ) ;
	double br(nZ, nR) ;
	double bt(nZ, nR) ;
	double bz(nZ, nR) ;
data:

 r = 1.38633928571429, 1.40151785714286, 1.41669642857143, 1.431875, 
    1.44705357142857, 1.46223214285714, 1.47741071428571, 1.49258928571429, 
    1.50776785714286, 1.52294642857143, 1.538125, 1.55330357142857, 
    1.56848214285714, 1.58366071428571 ;

 z = -1.24241071428571, -1.22723214285714, -1.21205357142857, -1.196875, 
    -1.18169642857143, -1.16651785714286, -1.15133928571429, 
    -1.13616071428571, -1.12098214285714, -1.10580357142857, -1.090625, 
    -1.07544642857143, -1.06026785714286, -1.04508928571429 ;

 br =
  0, 0, 0, 0, 0, 0, 0, 0, 0, 0, 0, 0, 0, 0,
  0, 0, 0, 0, 0, 0, 0, 0, 0, 0, 0, 0, 0, 0,
  0, 0, 0, 0, 0, 0, 0, 0, 0, 0, 0, 0, 0, 0,
  0, 0, 0, 0, 0, 0, 0, 0, 0, 0, 0, 0, 0, 0,
  0, 0, 0, 0, 0, 0, 0, 0, 0, 0, 0, 0, 0, 0,
  0, 0, 0, 0, 0, 0, 0, 0, 0, 0, 0, 0, 0, 0,
  0, 0, 0, 0, 0, 0, 0, 0, 0, 0, 0, 0, 0, 0,
  0, 0, 0, 0, 0, 0, 0, 0, 0, 0, 0, 0, 0, 0,
  0, 0, 0, 0, 0, 0, 0, 0, 0, 0, 0, 0, 0, 0,
  0, 0, 0, 0, 0, 0, 0, 0, 0, 0, 0, 0, 0, 0,
  0, 0, 0, 0, 0, 0, 0, 0, 0, 0, 0, 0, 0, 0,
  0, 0, 0, 0, 0, 0, 0, 0, 0, 0, 0, 0, 0, 0,
  0, 0, 0, 0, 0, 0, 0, 0, 0, 0, 0, 0, 0, 0,
  0, 0, 0, 0, 0, 0, 0, 0, 0, 0, 0, 0, 0, 0 ;

 bt =
  2.3533034324646, 2.35120224952698, 2.35193347930908, 2.35200953483582, 
    2.09322834014893, 2.36621117591858, 2.01787900924683, 2.35319542884827, 
    2.35167717933655, 2.35167717933655, 2.3582592010498, 2.35336017608643, 
    1.1708174943924, 2.35580682754517,
  2.32728743553162, 2.32916402816772, 2.01550912857056, 2.07188844680786, 
    2.33156776428223, 2.35167717933655, 2.32897448539734, 2.32585334777832, 
    2.35167717933655, 2.32701992988586, 2.32892632484436, 2.3322639465332, 
    2.31723976135254, 2.32148480415344,
  2.07802700996399, 2.07581090927124, 2.30462884902954, 2.30454444885254, 
    2.30545735359192, 2.35167717933655, 2.30718922615051, 2.30397891998291, 
    2.35167717933655, 2.3020179271698, 2.30165505409241, 2.30305933952332, 
    1.7250440120697, 2.35167717933655,
  2.28031897544861, 2.28189706802368, 2.28005838394165, 2.27915978431702, 
    2.28405904769897, 2.27230143547058, 2.2825562953949, 2.28081512451172, 
    2.35167717933655, 2.27697658538818, 2.28081798553467, 2.27678871154785, 
    2.27649211883545, 1.82086110115051,
  2.25484800338745, 2.25739932060242, 2.25594186782837, 2.25297975540161, 
    2.35167717933655, 2.255619764328, 2.25592255592346, 2.25691938400269, 
    2.25194120407104, 2.26195001602173, 2.25550937652588, 2.25696039199829, 
    2.25692462921143, 2.25152111053467,
  2.23158645629883, 2.23416423797607, 2.23199844360352, 2.23239421844482, 
    2.35167717933655, 2.23374223709106, 2.23264980316162, 2.23250412940979, 
    2.23196721076965, 2.35167717933655, 2.23068189620972, 2.23292231559753, 
    2.23382592201233, 2.2308132648468,
  2.20978832244873, 2.21165013313293, 2.20754837989807, 2.21051621437073, 
    2.20618009567261, 2.22013139724731, 2.20871162414551, 2.20784521102905, 
    2.20707845687866, 2.35167717933655, 2.21108794212341, 2.20934915542603, 
    2.20699286460876, 2.20925998687744,
  2.18776798248291, 2.18718719482422, 2.18592357635498, 2.18775224685669, 
    2.18723058700562, 2.35167717933655, 2.18436336517334, 2.18801593780518, 
    2.1872444152832, 2.35167717933655, 2.18680357933044, 2.1861093044281, 
    2.18502950668335, 2.18845915794373,
  2.16521430015564, 2.16562175750732, 2.16332912445068, 2.16423988342285, 
    2.16796684265137, 2.35167717933655, 2.16467571258545, 2.16814804077148, 
    2.16748642921448, 2.35167717933655, 2.16271901130676, 2.16303586959839, 
    2.16328167915344, 2.16388344764709,
  2.14328145980835, 2.14312839508057, 2.14009189605713, 2.14027643203735, 
    2.14357161521912, 2.35167717933655, 2.14487981796265, 2.1433253288269, 
    2.14292240142822, 2.35167717933655, 2.14358305931091, 2.14470648765564, 
    2.14162683486938, 2.14355969429016,
  2.12120723724365, 2.12003588676453, 2.12113261222839, 2.12086629867554, 
    2.11900806427002, 2.35167717933655, 2.12505602836609, 2.11854887008667, 
    2.11847829818726, 2.35167717933655, 2.12455368041992, 2.12191295623779, 
    2.12006020545959, 2.12330508232117,
  2.09919166564941, 2.1012077331543, 2.10196185112, 2.10134840011597, 
    2.09931468963623, 2.35167717933655, 2.10528492927551, 2.09886646270752, 
    2.09906268119812, 2.35167717933655, 2.10090661048889, 2.09922456741333, 
    2.09854245185852, 2.09902310371399,
  2.08050727844238, 2.08219337463379, 2.08266568183899, 2.08178496360779, 
    2.07963943481445, 2.07083249092102, 2.08555340766907, 2.07928991317749, 
    2.07979154586792, 2.07744216918945, 2.35167717933655, 2.08116388320923, 
    2.08136606216431, 2.07878136634827,
  2.06167006492615, 2.06309795379639, 2.06334590911865, 2.06226682662964, 
    2.06006240844727, 2.05620527267456, 2.35167717933655, 2.05986618995667, 
    2.06066203117371, 2.0588002204895, 2.35167717933655, 2.0631856918335, 
    2.05995297431946, 2.06257772445679 ;

 bz =
  0.0483855232596397, 0.0449552051723003, 0.0415435284376144, 
    0.0379725582897663, 0.0294087305665016, 0.0276004336774349, 
    0.0234582517296076, 0.0222064238041639, 0.0173951331526041, 
    0.0173951331526041, 0.0131132109090686, 0.0136996163055301, 
    0.00858162343502045, 0.0180723369121552,
  0.0498636439442635, 0.0459052547812462, 0.0367889925837517, 
    0.033569198101759, 0.0337994731962681, 0.0173951331526041, 
    0.0296976044774055, 0.0256108790636063, 0.0173951331526041, 
    0.0214831531047821, 0.0187505204230547, 0.0180087685585022, 
    0.0225483663380146, 0.0250762142241001,
  0.0460848025977612, 0.0428654998540878, 0.0445270389318466, 
    0.0399827100336552, 0.0363780148327351, 0.0173951331526041, 
    0.0322913490235806, 0.0289030373096466, 0.0173951331526041, 
    0.0261252243071795, 0.0244760178029537, 0.0242854598909616, 
    0.0199874211102724, 0.0173951331526041,
  0.0528529137372971, 0.0495738536119461, 0.0465760305523872, 
    0.0427128560841084, 0.0389295890927315, 0.0404949113726616, 
    0.0357513017952442, 0.032794713973999, 0.0173951331526041, 
    0.0310345366597176, 0.0290283709764481, 0.0302125588059425, 
    0.0316092036664486, 0.0271558370441198,
  0.0550690777599812, 0.0519332513213158, 0.0493495538830757, 
    0.0460150130093098, 0.0173951331526041, 0.0429037660360336, 
    0.0399897731840611, 0.0371202565729618, 0.0361510887742043, 
    0.0340803489089012, 0.034591767936945, 0.0347160510718822, 
    0.0360656082630157, 0.039321530610323,
  0.0573317185044289, 0.0545058660209179, 0.0521579198539257, 
    0.0489213168621063, 0.0173951331526041, 0.0462925508618355, 
    0.044015921652317, 0.0418308265507221, 0.0403756536543369, 
    0.0173951331526041, 0.0401157326996326, 0.0401729308068752, 
    0.0413207672536373, 0.0437068454921246,
  0.0598469264805317, 0.0573041886091232, 0.0555393882095814, 
    0.0522934459149837, 0.050939604640007, 0.0485349595546722, 
    0.0484371893107891, 0.0467897802591324, 0.0457568950951099, 
    0.0173951331526041, 0.0445487648248672, 0.045592837035656, 
    0.0475042276084423, 0.048738956451416,
  0.0626464188098907, 0.060657549649477, 0.0587879121303558, 
    0.0560440197587013, 0.0543386936187744, 0.0173951331526041, 
    0.0531501024961472, 0.0509157776832581, 0.0501414649188519, 
    0.0173951331526041, 0.0501322112977505, 0.0510413311421871, 
    0.0526689365506172, 0.0536527335643768,
  0.0658226832747459, 0.0638654455542564, 0.0624488554894924, 
    0.0601884014904499, 0.057949885725975, 0.0173951331526041, 
    0.0571216717362404, 0.0551592707633972, 0.054586298763752, 
    0.0173951331526041, 0.0557525530457497, 0.0565428286790848, 
    0.0579206943511963, 0.059597622603178,
  0.0689474567770958, 0.067480280995369, 0.0664513856172562, 
    0.0646419525146484, 0.0627361759543419, 0.0173951331526041, 
    0.061244934797287, 0.0606235973536968, 0.0602406747639179, 
    0.0173951331526041, 0.0602850168943405, 0.0609713643789291, 
    0.0632639080286026, 0.0646934509277344,
  0.0726634114980698, 0.0714363530278206, 0.0699090585112572, 
    0.0684286504983902, 0.0677606835961342, 0.0173951331526041, 
    0.0654976367950439, 0.0662355422973633, 0.0660087466239929, 
    0.0173951331526041, 0.0648698061704636, 0.0665522292256355, 
    0.0686493515968323, 0.0698698982596397,
  0.0764051228761673, 0.0748626068234444, 0.0735707879066467, 
    0.0723895579576492, 0.0719521641731262, 0.0173951331526041, 
    0.0698618441820145, 0.0708098411560059, 0.0706883072853088, 
    0.0173951331526041, 0.0706958100199699, 0.07221420109272, 
    0.0740839689970016, 0.0760920196771622,
  0.0798470973968506, 0.0785018652677536, 0.0774252861738205, 
    0.0765158236026764, 0.076282724738121, 0.0777585133910179, 
    0.0743401199579239, 0.0754647627472878, 0.0754200667142868, 
    0.0765917152166367, 0.0173951331526041, 0.076812170445919, 
    0.0784957855939865, 0.081336498260498,
  0.0835047960281372, 0.0823364406824112, 0.0814535170793533, 
    0.0807845443487167, 0.0807293802499771, 0.0812336653470993, 
    0.0173951331526041, 0.0801905542612076, 0.0802101194858551, 
    0.0813681930303574, 0.0173951331526041, 0.0814579501748085, 
    0.0840816795825958, 0.0855976343154907 ;
}
