netcdf profiles_created {
dimensions:
	nR = 14 ;
	nZ = 14 ;
variables:
	double r(nZ, nR) ;
	double z(nZ, nR) ;
	double br(nZ, nR) ;
	double bt(nZ, nR) ;
	double bz(nZ, nR) ;
	double te(nZ, nR) ;
	double ti(nZ, nR) ;
	double ne(nZ, nR) ;
	double ni(nZ, nR) ;
data:

 r =
  1.38633928571429, 1.40151785714286, 1.41669642857143, 1.431875, 
    1.44705357142857, 1.46223214285714, 1.47741071428571, 1.49258928571429, 
    1.50776785714286, 1.52294642857143, 1.538125, 1.55330357142857, 
    1.56848214285714, 1.58366071428571,
  1.38633928571429, 1.40151785714286, 1.41669642857143, 1.431875, 
    1.44705357142857, 1.46223214285714, 1.47741071428571, 1.49258928571429, 
    1.50776785714286, 1.52294642857143, 1.538125, 1.55330357142857, 
    1.56848214285714, 1.58366071428571,
  1.38633928571429, 1.40151785714286, 1.41669642857143, 1.431875, 
    1.44705357142857, 1.46223214285714, 1.47741071428571, 1.49258928571429, 
    1.50776785714286, 1.52294642857143, 1.538125, 1.55330357142857, 
    1.56848214285714, 1.58366071428571,
  1.38633928571429, 1.40151785714286, 1.41669642857143, 1.431875, 
    1.44705357142857, 1.46223214285714, 1.47741071428571, 1.49258928571429, 
    1.50776785714286, 1.52294642857143, 1.538125, 1.55330357142857, 
    1.56848214285714, 1.58366071428571,
  1.38633928571429, 1.40151785714286, 1.41669642857143, 1.431875, 
    1.44705357142857, 1.46223214285714, 1.47741071428571, 1.49258928571429, 
    1.50776785714286, 1.52294642857143, 1.538125, 1.55330357142857, 
    1.56848214285714, 1.58366071428571,
  1.38633928571429, 1.40151785714286, 1.41669642857143, 1.431875, 
    1.44705357142857, 1.46223214285714, 1.47741071428571, 1.49258928571429, 
    1.50776785714286, 1.52294642857143, 1.538125, 1.55330357142857, 
    1.56848214285714, 1.58366071428571,
  1.38633928571429, 1.40151785714286, 1.41669642857143, 1.431875, 
    1.44705357142857, 1.46223214285714, 1.47741071428571, 1.49258928571429, 
    1.50776785714286, 1.52294642857143, 1.538125, 1.55330357142857, 
    1.56848214285714, 1.58366071428571,
  1.38633928571429, 1.40151785714286, 1.41669642857143, 1.431875, 
    1.44705357142857, 1.46223214285714, 1.47741071428571, 1.49258928571429, 
    1.50776785714286, 1.52294642857143, 1.538125, 1.55330357142857, 
    1.56848214285714, 1.58366071428571,
  1.38633928571429, 1.40151785714286, 1.41669642857143, 1.431875, 
    1.44705357142857, 1.46223214285714, 1.47741071428571, 1.49258928571429, 
    1.50776785714286, 1.52294642857143, 1.538125, 1.55330357142857, 
    1.56848214285714, 1.58366071428571,
  1.38633928571429, 1.40151785714286, 1.41669642857143, 1.431875, 
    1.44705357142857, 1.46223214285714, 1.47741071428571, 1.49258928571429, 
    1.50776785714286, 1.52294642857143, 1.538125, 1.55330357142857, 
    1.56848214285714, 1.58366071428571,
  1.38633928571429, 1.40151785714286, 1.41669642857143, 1.431875, 
    1.44705357142857, 1.46223214285714, 1.47741071428571, 1.49258928571429, 
    1.50776785714286, 1.52294642857143, 1.538125, 1.55330357142857, 
    1.56848214285714, 1.58366071428571,
  1.38633928571429, 1.40151785714286, 1.41669642857143, 1.431875, 
    1.44705357142857, 1.46223214285714, 1.47741071428571, 1.49258928571429, 
    1.50776785714286, 1.52294642857143, 1.538125, 1.55330357142857, 
    1.56848214285714, 1.58366071428571,
  1.38633928571429, 1.40151785714286, 1.41669642857143, 1.431875, 
    1.44705357142857, 1.46223214285714, 1.47741071428571, 1.49258928571429, 
    1.50776785714286, 1.52294642857143, 1.538125, 1.55330357142857, 
    1.56848214285714, 1.58366071428571,
  1.38633928571429, 1.40151785714286, 1.41669642857143, 1.431875, 
    1.44705357142857, 1.46223214285714, 1.47741071428571, 1.49258928571429, 
    1.50776785714286, 1.52294642857143, 1.538125, 1.55330357142857, 
    1.56848214285714, 1.58366071428571 ;

 z =
  -1.24241071428571, -1.22723214285714, -1.21205357142857, -1.196875, 
    -1.18169642857143, -1.16651785714286, -1.15133928571429, 
    -1.13616071428571, -1.12098214285714, -1.10580357142857, -1.090625, 
    -1.07544642857143, -1.06026785714286, -1.04508928571429,
  -1.24241071428571, -1.22723214285714, -1.21205357142857, -1.196875, 
    -1.18169642857143, -1.16651785714286, -1.15133928571429, 
    -1.13616071428571, -1.12098214285714, -1.10580357142857, -1.090625, 
    -1.07544642857143, -1.06026785714286, -1.04508928571429,
  -1.24241071428571, -1.22723214285714, -1.21205357142857, -1.196875, 
    -1.18169642857143, -1.16651785714286, -1.15133928571429, 
    -1.13616071428571, -1.12098214285714, -1.10580357142857, -1.090625, 
    -1.07544642857143, -1.06026785714286, -1.04508928571429,
  -1.24241071428571, -1.22723214285714, -1.21205357142857, -1.196875, 
    -1.18169642857143, -1.16651785714286, -1.15133928571429, 
    -1.13616071428571, -1.12098214285714, -1.10580357142857, -1.090625, 
    -1.07544642857143, -1.06026785714286, -1.04508928571429,
  -1.24241071428571, -1.22723214285714, -1.21205357142857, -1.196875, 
    -1.18169642857143, -1.16651785714286, -1.15133928571429, 
    -1.13616071428571, -1.12098214285714, -1.10580357142857, -1.090625, 
    -1.07544642857143, -1.06026785714286, -1.04508928571429,
  -1.24241071428571, -1.22723214285714, -1.21205357142857, -1.196875, 
    -1.18169642857143, -1.16651785714286, -1.15133928571429, 
    -1.13616071428571, -1.12098214285714, -1.10580357142857, -1.090625, 
    -1.07544642857143, -1.06026785714286, -1.04508928571429,
  -1.24241071428571, -1.22723214285714, -1.21205357142857, -1.196875, 
    -1.18169642857143, -1.16651785714286, -1.15133928571429, 
    -1.13616071428571, -1.12098214285714, -1.10580357142857, -1.090625, 
    -1.07544642857143, -1.06026785714286, -1.04508928571429,
  -1.24241071428571, -1.22723214285714, -1.21205357142857, -1.196875, 
    -1.18169642857143, -1.16651785714286, -1.15133928571429, 
    -1.13616071428571, -1.12098214285714, -1.10580357142857, -1.090625, 
    -1.07544642857143, -1.06026785714286, -1.04508928571429,
  -1.24241071428571, -1.22723214285714, -1.21205357142857, -1.196875, 
    -1.18169642857143, -1.16651785714286, -1.15133928571429, 
    -1.13616071428571, -1.12098214285714, -1.10580357142857, -1.090625, 
    -1.07544642857143, -1.06026785714286, -1.04508928571429,
  -1.24241071428571, -1.22723214285714, -1.21205357142857, -1.196875, 
    -1.18169642857143, -1.16651785714286, -1.15133928571429, 
    -1.13616071428571, -1.12098214285714, -1.10580357142857, -1.090625, 
    -1.07544642857143, -1.06026785714286, -1.04508928571429,
  -1.24241071428571, -1.22723214285714, -1.21205357142857, -1.196875, 
    -1.18169642857143, -1.16651785714286, -1.15133928571429, 
    -1.13616071428571, -1.12098214285714, -1.10580357142857, -1.090625, 
    -1.07544642857143, -1.06026785714286, -1.04508928571429,
  -1.24241071428571, -1.22723214285714, -1.21205357142857, -1.196875, 
    -1.18169642857143, -1.16651785714286, -1.15133928571429, 
    -1.13616071428571, -1.12098214285714, -1.10580357142857, -1.090625, 
    -1.07544642857143, -1.06026785714286, -1.04508928571429,
  -1.24241071428571, -1.22723214285714, -1.21205357142857, -1.196875, 
    -1.18169642857143, -1.16651785714286, -1.15133928571429, 
    -1.13616071428571, -1.12098214285714, -1.10580357142857, -1.090625, 
    -1.07544642857143, -1.06026785714286, -1.04508928571429,
  -1.24241071428571, -1.22723214285714, -1.21205357142857, -1.196875, 
    -1.18169642857143, -1.16651785714286, -1.15133928571429, 
    -1.13616071428571, -1.12098214285714, -1.10580357142857, -1.090625, 
    -1.07544642857143, -1.06026785714286, -1.04508928571429 ;

 br =
  0, 0, 0, 0, 0, 0, 0, 0, 0, 0, 0, 0, 0, 0,
  0, 0, 0, 0, 0, 0, 0, 0, 0, 0, 0, 0, 0, 0,
  0, 0, 0, 0, 0, 0, 0, 0, 0, 0, 0, 0, 0, 0,
  0, 0, 0, 0, 0, 0, 0, 0, 0, 0, 0, 0, 0, 0,
  0, 0, 0, 0, 0, 0, 0, 0, 0, 0, 0, 0, 0, 0,
  0, 0, 0, 0, 0, 0, 0, 0, 0, 0, 0, 0, 0, 0,
  0, 0, 0, 0, 0, 0, 0, 0, 0, 0, 0, 0, 0, 0,
  0, 0, 0, 0, 0, 0, 0, 0, 0, 0, 0, 0, 0, 0,
  0, 0, 0, 0, 0, 0, 0, 0, 0, 0, 0, 0, 0, 0,
  0, 0, 0, 0, 0, 0, 0, 0, 0, 0, 0, 0, 0, 0,
  0, 0, 0, 0, 0, 0, 0, 0, 0, 0, 0, 0, 0, 0,
  0, 0, 0, 0, 0, 0, 0, 0, 0, 0, 0, 0, 0, 0,
  0, 0, 0, 0, 0, 0, 0, 0, 0, 0, 0, 0, 0, 0,
  0, 0, 0, 0, 0, 0, 0, 0, 0, 0, 0, 0, 0, 0 ;

 bt =
  2.3533034324646, 2.35120224952698, 2.35193347930908, 2.35200953483582, 
    2.09322834014893, 2.36621117591858, 2.01787900924683, 2.35319542884827, 
    2.35167717933655, 2.35167717933655, 2.3582592010498, 2.35336017608643, 
    1.1708174943924, 2.35580682754517,
  2.32728743553162, 2.32916402816772, 2.01550912857056, 2.07188844680786, 
    2.33156776428223, 2.35167717933655, 2.32897448539734, 2.32585334777832, 
    2.35167717933655, 2.32701992988586, 2.32892632484436, 2.3322639465332, 
    2.31723976135254, 2.32148480415344,
  2.07802700996399, 2.07581090927124, 2.30462884902954, 2.30454444885254, 
    2.30545735359192, 2.35167717933655, 2.30718922615051, 2.30397891998291, 
    2.35167717933655, 2.3020179271698, 2.30165505409241, 2.30305933952332, 
    1.7250440120697, 2.35167717933655,
  2.28031897544861, 2.28189706802368, 2.28005838394165, 2.27915978431702, 
    2.28405904769897, 2.27230143547058, 2.2825562953949, 2.28081512451172, 
    2.35167717933655, 2.27697658538818, 2.28081798553467, 2.27678871154785, 
    2.27649211883545, 1.82086110115051,
  2.25484800338745, 2.25739932060242, 2.25594186782837, 2.25297975540161, 
    2.35167717933655, 2.255619764328, 2.25592255592346, 2.25691938400269, 
    2.25194120407104, 2.26195001602173, 2.25550937652588, 2.25696039199829, 
    2.25692462921143, 2.25152111053467,
  2.23158645629883, 2.23416423797607, 2.23199844360352, 2.23239421844482, 
    2.35167717933655, 2.23374223709106, 2.23264980316162, 2.23250412940979, 
    2.23196721076965, 2.35167717933655, 2.23068189620972, 2.23292231559753, 
    2.23382592201233, 2.2308132648468,
  2.20978832244873, 2.21165013313293, 2.20754837989807, 2.21051621437073, 
    2.20618009567261, 2.22013139724731, 2.20871162414551, 2.20784521102905, 
    2.20707845687866, 2.35167717933655, 2.21108794212341, 2.20934915542603, 
    2.20699286460876, 2.20925998687744,
  2.18776798248291, 2.18718719482422, 2.18592357635498, 2.18775224685669, 
    2.18723058700562, 2.35167717933655, 2.18436336517334, 2.18801593780518, 
    2.1872444152832, 2.35167717933655, 2.18680357933044, 2.1861093044281, 
    2.18502950668335, 2.18845915794373,
  2.16521430015564, 2.16562175750732, 2.16332912445068, 2.16423988342285, 
    2.16796684265137, 2.35167717933655, 2.16467571258545, 2.16814804077148, 
    2.16748642921448, 2.35167717933655, 2.16271901130676, 2.16303586959839, 
    2.16328167915344, 2.16388344764709,
  2.14328145980835, 2.14312839508057, 2.14009189605713, 2.14027643203735, 
    2.14357161521912, 2.35167717933655, 2.14487981796265, 2.1433253288269, 
    2.14292240142822, 2.35167717933655, 2.14358305931091, 2.14470648765564, 
    2.14162683486938, 2.14355969429016,
  2.12120723724365, 2.12003588676453, 2.12113261222839, 2.12086629867554, 
    2.11900806427002, 2.35167717933655, 2.12505602836609, 2.11854887008667, 
    2.11847829818726, 2.35167717933655, 2.12455368041992, 2.12191295623779, 
    2.12006020545959, 2.12330508232117,
  2.09919166564941, 2.1012077331543, 2.10196185112, 2.10134840011597, 
    2.09931468963623, 2.35167717933655, 2.10528492927551, 2.09886646270752, 
    2.09906268119812, 2.35167717933655, 2.10090661048889, 2.09922456741333, 
    2.09854245185852, 2.09902310371399,
  2.08050727844238, 2.08219337463379, 2.08266568183899, 2.08178496360779, 
    2.07963943481445, 2.07083249092102, 2.08555340766907, 2.07928991317749, 
    2.07979154586792, 2.07744216918945, 2.35167717933655, 2.08116388320923, 
    2.08136606216431, 2.07878136634827,
  2.06167006492615, 2.06309795379639, 2.06334590911865, 2.06226682662964, 
    2.06006240844727, 2.05620527267456, 2.35167717933655, 2.05986618995667, 
    2.06066203117371, 2.0588002204895, 2.35167717933655, 2.0631856918335, 
    2.05995297431946, 2.06257772445679 ;

 bz =
  0.0483855232596397, 0.0449552051723003, 0.0415435284376144, 
    0.0379725582897663, 0.0294087305665016, 0.0276004336774349, 
    0.0234582517296076, 0.0222064238041639, 0.0173951331526041, 
    0.0173951331526041, 0.0131132109090686, 0.0136996163055301, 
    0.00858162343502045, 0.0180723369121552,
  0.0498636439442635, 0.0459052547812462, 0.0367889925837517, 
    0.033569198101759, 0.0337994731962681, 0.0173951331526041, 
    0.0296976044774055, 0.0256108790636063, 0.0173951331526041, 
    0.0214831531047821, 0.0187505204230547, 0.0180087685585022, 
    0.0225483663380146, 0.0250762142241001,
  0.0460848025977612, 0.0428654998540878, 0.0445270389318466, 
    0.0399827100336552, 0.0363780148327351, 0.0173951331526041, 
    0.0322913490235806, 0.0289030373096466, 0.0173951331526041, 
    0.0261252243071795, 0.0244760178029537, 0.0242854598909616, 
    0.0199874211102724, 0.0173951331526041,
  0.0528529137372971, 0.0495738536119461, 0.0465760305523872, 
    0.0427128560841084, 0.0389295890927315, 0.0404949113726616, 
    0.0357513017952442, 0.032794713973999, 0.0173951331526041, 
    0.0310345366597176, 0.0290283709764481, 0.0302125588059425, 
    0.0316092036664486, 0.0271558370441198,
  0.0550690777599812, 0.0519332513213158, 0.0493495538830757, 
    0.0460150130093098, 0.0173951331526041, 0.0429037660360336, 
    0.0399897731840611, 0.0371202565729618, 0.0361510887742043, 
    0.0340803489089012, 0.034591767936945, 0.0347160510718822, 
    0.0360656082630157, 0.039321530610323,
  0.0573317185044289, 0.0545058660209179, 0.0521579198539257, 
    0.0489213168621063, 0.0173951331526041, 0.0462925508618355, 
    0.044015921652317, 0.0418308265507221, 0.0403756536543369, 
    0.0173951331526041, 0.0401157326996326, 0.0401729308068752, 
    0.0413207672536373, 0.0437068454921246,
  0.0598469264805317, 0.0573041886091232, 0.0555393882095814, 
    0.0522934459149837, 0.050939604640007, 0.0485349595546722, 
    0.0484371893107891, 0.0467897802591324, 0.0457568950951099, 
    0.0173951331526041, 0.0445487648248672, 0.045592837035656, 
    0.0475042276084423, 0.048738956451416,
  0.0626464188098907, 0.060657549649477, 0.0587879121303558, 
    0.0560440197587013, 0.0543386936187744, 0.0173951331526041, 
    0.0531501024961472, 0.0509157776832581, 0.0501414649188519, 
    0.0173951331526041, 0.0501322112977505, 0.0510413311421871, 
    0.0526689365506172, 0.0536527335643768,
  0.0658226832747459, 0.0638654455542564, 0.0624488554894924, 
    0.0601884014904499, 0.057949885725975, 0.0173951331526041, 
    0.0571216717362404, 0.0551592707633972, 0.054586298763752, 
    0.0173951331526041, 0.0557525530457497, 0.0565428286790848, 
    0.0579206943511963, 0.059597622603178,
  0.0689474567770958, 0.067480280995369, 0.0664513856172562, 
    0.0646419525146484, 0.0627361759543419, 0.0173951331526041, 
    0.061244934797287, 0.0606235973536968, 0.0602406747639179, 
    0.0173951331526041, 0.0602850168943405, 0.0609713643789291, 
    0.0632639080286026, 0.0646934509277344,
  0.0726634114980698, 0.0714363530278206, 0.0699090585112572, 
    0.0684286504983902, 0.0677606835961342, 0.0173951331526041, 
    0.0654976367950439, 0.0662355422973633, 0.0660087466239929, 
    0.0173951331526041, 0.0648698061704636, 0.0665522292256355, 
    0.0686493515968323, 0.0698698982596397,
  0.0764051228761673, 0.0748626068234444, 0.0735707879066467, 
    0.0723895579576492, 0.0719521641731262, 0.0173951331526041, 
    0.0698618441820145, 0.0708098411560059, 0.0706883072853088, 
    0.0173951331526041, 0.0706958100199699, 0.07221420109272, 
    0.0740839689970016, 0.0760920196771622,
  0.0798470973968506, 0.0785018652677536, 0.0774252861738205, 
    0.0765158236026764, 0.076282724738121, 0.0777585133910179, 
    0.0743401199579239, 0.0754647627472878, 0.0754200667142868, 
    0.0765917152166367, 0.0173951331526041, 0.076812170445919, 
    0.0784957855939865, 0.081336498260498,
  0.0835047960281372, 0.0823364406824112, 0.0814535170793533, 
    0.0807845443487167, 0.0807293802499771, 0.0812336653470993, 
    0.0173951331526041, 0.0801905542612076, 0.0802101194858551, 
    0.0813681930303574, 0.0173951331526041, 0.0814579501748085, 
    0.0840816795825958, 0.0855976343154907 ;

 te =
  6.68539333343506, 12.1712646484375, 24.4819526672363, 39.0037498474121, 
    43.6842918395996, 53.9924850463867, 49.0108871459961, 62.0475311279297, 
    67.3354415893555, 67.3354415893555, 74.0189361572266, 82.406852722168, 
    45.128532409668, 175.114044189453,
  12.8643836975098, 30.2156219482422, 37.1977882385254, 43.2455024719238, 
    52.6470947265625, 67.3354415893555, 56.4703025817871, 60.601978302002, 
    67.3354415893555, 65.0564422607422, 70.7776336669922, 78.558235168457, 
    85.5019912719727, 175.114044189453,
  28.2516651153564, 34.079029083252, 42.8076667785645, 48.3429756164551, 
    52.1140289306641, 67.3354415893555, 55.7198600769043, 59.1993064880371, 
    67.3354415893555, 63.519775390625, 68.6893920898438, 74.1646728515625, 
    63.6368408203125, 67.3354415893555,
  31.5163688659668, 37.2726516723633, 41.8603286743164, 45.9340896606445, 
    49.9662933349609, 47.0586280822754, 52.6264686584473, 56.2057914733887, 
    67.3354415893555, 60.825366973877, 66.0962219238281, 71.3685607910156, 
    77.7334594726562, 87.856086730957,
  28.0980758666992, 33.3793640136719, 35.8847961425781, 37.9945983886719, 
    67.3354415893555, 41.1176643371582, 44.1606788635254, 48.611156463623, 
    53.4413986206055, 57.0740203857422, 62.3672637939453, 68.4773559570312, 
    73.8616180419922, 83.5821838378906,
  21.3844089508057, 26.5953063964844, 29.7306594848633, 33.5454025268555, 
    67.3354415893555, 36.3443183898926, 39.0228996276855, 42.3788757324219, 
    47.1214637756348, 67.3354415893555, 53.743896484375, 64.5271759033203, 
    70.9861679077148, 76.1165237426758,
  16.2352809906006, 21.9558773040771, 25.3643665313721, 29.4501094818115, 
    31.3834838867188, 33.1424026489258, 34.3428001403809, 36.9252014160156, 
    41.1225433349609, 67.3354415893555, 48.0095825195312, 55.5806045532227, 
    66.1763610839844, 72.7504119873047,
  13.4926300048828, 20.0710620880127, 24.0981330871582, 28.0325374603271, 
    30.4401893615723, 67.3354415893555, 32.689826965332, 35.692684173584, 
    37.834400177002, 67.3354415893555, 41.7877998352051, 48.2776184082031, 
    57.0229148864746, 69.6801071166992,
  12.2897424697876, 18.9640464782715, 23.1492252349854, 26.9225616455078, 
    29.0848655700684, 67.3354415893555, 31.2237586975098, 33.8220138549805, 
    36.6544151306152, 67.3354415893555, 39.2600860595703, 42.0006561279297, 
    49.5373039245605, 60.2572631835938,
  12.9773855209351, 18.5707111358643, 22.0550842285156, 25.6485481262207, 
    28.3961277008057, 67.3354415893555, 31.0331802368164, 32.8931770324707, 
    35.1353607177734, 67.3354415893555, 37.1839447021484, 40.5931510925293, 
    43.1118850708008, 51.9274597167969,
  11.6038064956665, 16.9784812927246, 20.5002517700195, 23.7990055084229, 
    25.8141098022461, 67.3354415893555, 28.6804351806641, 30.475341796875, 
    33.4618911743164, 67.3354415893555, 36.4482421875, 38.0232353210449, 
    41.0124778747559, 45.2316627502441,
  11.5796051025391, 16.2538681030273, 19.5430679321289, 22.6597938537598, 
    24.5752792358398, 67.3354415893555, 27.2380752563477, 28.9362487792969, 
    30.9826622009277, 67.3354415893555, 34.1697654724121, 37.4925231933594, 
    38.7748794555664, 41.8822593688965,
  10.1863985061646, 14.0641593933105, 16.871057510376, 19.5535907745361, 
    21.210521697998, 20.937915802002, 25.0914268493652, 26.6757030487061, 
    29.5202980041504, 31.8069496154785, 67.3354415893555, 34.6616859436035, 
    38.5437240600586, 39.6212615966797,
  9.41649436950684, 12.5618934631348, 14.9618186950684, 17.2899513244629, 
    18.73876953125, 20.0955562591553, 67.3354415893555, 21.9644069671631, 
    25.4964084625244, 29.3663902282715, 67.3354415893555, 32.9298477172852, 
    35.1119804382324, 39.4042930603027 ;

 ti =
  5.3208589553833, 11.365668296814, 32.2466011047363, 60.9500732421875, 
    74.4286193847656, 90.7440185546875, 90.0214767456055, 116.060470581055, 
    127.841217041016, 127.841217041016, 143.099975585938, 169.117691040039, 
    90.0655059814453, 175.114044189453,
  14.9986219406128, 44.7573623657227, 62.0934066772461, 76.2155838012695, 
    94.4779891967773, 127.841217041016, 101.364044189453, 107.614952087402, 
    127.841217041016, 117.569976806641, 132.105178833008, 153.739761352539, 
    176.191436767578, 175.114044189453,
  36.5037841796875, 55.1296195983887, 73.5570755004883, 82.7348785400391, 
    90.5653381347656, 127.841217041016, 95.5624618530273, 101.019874572754, 
    127.841217041016, 108.936866760254, 123.737945556641, 139.25651550293, 
    126.021987915039, 127.841217041016,
  40.525016784668, 60.4958686828613, 70.9278717041016, 80.7619323730469, 
    89.076416015625, 82.5214920043945, 93.6571884155273, 100.175559997559, 
    127.841217041016, 109.031585693359, 112.316680908203, 128.511688232422, 
    150.179885864258, 141.648651123047,
  37.5029830932617, 56.2933769226074, 62.5319137573242, 67.3284301757812, 
    127.841217041016, 73.438835144043, 79.333122253418, 88.3634719848633, 
    96.544792175293, 100.363929748535, 110.922645568848, 116.006607055664, 
    134.804626464844, 167.074630737305,
  29.9505100250244, 44.8231620788574, 50.4178924560547, 57.1333312988281, 
    127.841217041016, 62.2396125793457, 67.0665512084961, 73.6712036132812, 
    84.2472305297852, 127.841217041016, 97.9762420654297, 114.484169006348, 
    120.731628417969, 140.923202514648,
  22.5226650238037, 34.876579284668, 40.0937767028809, 47.1113891601562, 
    49.1844711303711, 55.7467269897461, 55.2987365722656, 59.4117965698242, 
    69.2860107421875, 127.841217041016, 84.4481735229492, 101.272003173828, 
    117.098197937012, 121.542655944824,
  18.5427265167236, 31.1796588897705, 39.1271018981934, 46.5482711791992, 
    51.0272979736328, 127.841217041016, 55.1236190795898, 60.0425720214844, 
    59.1624984741211, 127.841217041016, 67.8899917602539, 83.543342590332, 
    103.7783203125, 123.124473571777,
  16.5314846038818, 29.0392875671387, 37.2131958007812, 44.2288208007812, 
    47.4528579711914, 127.841217041016, 51.3040199279785, 55.5299530029297, 
    61.9952507019043, 127.841217041016, 65.9451904296875, 66.4856491088867, 
    85.4661865234375, 107.847160339355,
  18.0018424987793, 28.8105068206787, 34.7906532287598, 41.5191612243652, 
    47.3197822570801, 127.841217041016, 52.2823600769043, 55.1265144348145, 
    59.0730247497559, 127.841217041016, 60.9948196411133, 68.0039901733398, 
    67.8039779663086, 90.7274932861328,
  15.2603149414062, 25.3387107849121, 31.5961360931396, 37.5084609985352, 
    41.1350326538086, 127.841217041016, 47.4581718444824, 50.738582611084, 
    56.0428237915039, 127.841217041016, 61.5375099182129, 62.1061897277832, 
    67.6253280639648, 72.2659378051758,
  15.2863759994507, 24.5068111419678, 30.5924606323242, 36.4900703430176, 
    40.1739959716797, 127.841217041016, 44.0814094543457, 47.1974906921387, 
    50.2507247924805, 127.841217041016, 56.9798393249512, 63.6778373718262, 
    63.5625686645508, 68.8066940307617,
  12.7299041748047, 19.5340156555176, 24.2770957946777, 28.9992446899414, 
    31.9992294311523, 29.8352108001709, 41.09521484375, 44.2698745727539, 
    49.7927513122559, 52.3376541137695, 127.841217041016, 58.0127639770508, 
    65.3427658081055, 64.7236633300781,
  11.0468320846558, 16.1250877380371, 19.8825359344482, 23.7278709411621, 
    26.1880264282227, 28.5278091430664, 127.841217041016, 31.9044570922852, 
    39.7896003723145, 49.5951843261719, 127.841217041016, 54.2800674438477, 
    57.9159240722656, 66.6432647705078 ;

 ne =
  7.80792014088385e+18, 9.81170531571492e+18, 1.66351392377626e+19, 
    2.42843481737118e+19, 2.37890335785615e+19, 2.5949604713467e+19, 
    2.23504105745469e+19, 2.41419812091241e+19, 2.16673367767678e+19, 
    2.16673367767678e+19, 1.84883539917511e+19, 1.50684088354608e+19, 
    6.75506299049764e+18, 2.00229115843125e+19,
  1.81123693935633e+19, 2.88995746195807e+19, 3.05894910061235e+19, 
    2.85136944167429e+19, 3.01842330103579e+19, 2.16673367767678e+19, 
    2.8698203463e+19, 2.74882304990511e+19, 2.16673367767678e+19, 
    2.41347024421483e+19, 2.05593699045742e+19, 1.67821516389776e+19, 
    1.41516624285003e+19, 2.00229115843125e+19,
  4.52566814515391e+19, 3.94428773802317e+19, 3.98349940130222e+19, 
    3.69565737265744e+19, 3.4628661319968e+19, 2.16673367767678e+19, 
    3.26188222341144e+19, 3.03225471750856e+19, 2.16673367767678e+19, 
    2.7672066644192e+19, 2.36948714027588e+19, 1.91052086022358e+19, 
    1.11598341147171e+19, 2.16673367767678e+19,
  6.26639252421167e+19, 5.0679908206335e+19, 4.50531398590052e+19, 
    3.82452761211185e+19, 3.51914265554358e+19, 3.38567579777808e+19, 
    3.18895381616431e+19, 2.9389279506406e+19, 2.16673367767678e+19, 
    2.75397756041612e+19, 2.6252913792082e+19, 2.23752155568695e+19, 
    1.74417156791316e+19, 1.22484253930061e+19,
  7.0638062953818e+19, 5.11778638284152e+19, 4.02397638256251e+19, 
    3.07961706048431e+19, 2.16673367767678e+19, 2.80390308489855e+19, 
    2.57021838108918e+19, 2.44189174018353e+19, 2.41515337661463e+19, 
    2.66873946078907e+19, 2.56119820759723e+19, 2.49649964488401e+19, 
    1.98944424466999e+19, 1.51032160750613e+19,
  5.89453373345597e+19, 4.14106909326484e+19, 3.41407332439331e+19, 
    2.91838313607096e+19, 2.16673367767678e+19, 2.66075634666444e+19, 
    2.4449892843413e+19, 2.2527011933177e+19, 2.11260581975299e+19, 
    2.16673367767678e+19, 2.13626269203389e+19, 2.44007688629073e+19, 
    2.36381651900679e+19, 1.86580548154053e+19,
  5.90192157198532e+19, 4.17957530988351e+19, 3.52270133487804e+19, 
    2.98440727000263e+19, 2.7828014776406e+19, 2.59745812196035e+19, 
    2.5042501023482e+19, 2.31455334032894e+19, 2.08202642226361e+19, 
    2.16673367767678e+19, 1.98986711684203e+19, 2.03692291597596e+19, 
    2.35037213062699e+19, 2.29534487219169e+19,
  6.32327861700489e+19, 4.2663109443476e+19, 3.44214473585973e+19, 
    2.88685442024216e+19, 2.62020525832043e+19, 2.16673367767678e+19, 
    2.40549438686694e+19, 2.26217238647936e+19, 2.23217814907828e+19, 
    2.16673367767678e+19, 2.0319891873998e+19, 1.89878511291335e+19, 
    1.9617053255198e+19, 2.30383662039533e+19,
  6.35821889751236e+19, 4.26725344571493e+19, 3.49126849646318e+19, 
    2.93435046383185e+19, 2.66827942512401e+19, 2.16673367767678e+19, 
    2.45088266666618e+19, 2.29109350053173e+19, 2.08771441581642e+19, 
    2.16673367767678e+19, 2.00511778292394e+19, 1.9729623454673e+19, 
    1.83109763779118e+19, 2.0184990593363e+19,
  6.10587658089126e+19, 4.23369986927241e+19, 3.45041174388665e+19, 
    2.90280745435188e+19, 2.64238482677826e+19, 2.16673367767678e+19, 
    2.47564564764463e+19, 2.27917699350989e+19, 2.12513761348173e+19, 
    2.16673367767678e+19, 2.03307462527874e+19, 1.91875818143655e+19, 
    1.90685816708913e+19, 1.78029074478793e+19,
  5.42364324980043e+19, 3.77945907029397e+19, 3.13056073273406e+19, 
    2.65304877015373e+19, 2.41745619376784e+19, 2.16673367767678e+19, 
    2.27862217994252e+19, 2.11480242408296e+19, 2.09810370118728e+19, 
    2.16673367767678e+19, 2.00186982557549e+19, 1.93563766404384e+19, 
    1.85879851383904e+19, 1.83013270638664e+19,
  4.60872261468821e+19, 3.44542347953376e+19, 2.86500206644476e+19, 
    2.42250778999049e+19, 2.20204999116094e+19, 2.16673367767678e+19, 
    2.15587226201295e+19, 2.00151446341739e+19, 1.93920272054574e+19, 
    2.16673367767678e+19, 1.93915412213179e+19, 1.94548774891243e+19, 
    1.86338831517803e+19, 1.80610090064067e+19,
  3.6017713941756e+19, 2.83244222861143e+19, 2.39834096421663e+19, 
    2.05131046543006e+19, 1.8704062779958e+19, 1.55167819806865e+19, 
    1.91947308389693e+19, 1.77485783793276e+19, 1.74851881698706e+19, 
    1.77408795989099e+19, 2.16673367767678e+19, 1.79357075617937e+19, 
    1.87457892462321e+19, 1.80969058620303e+19,
  2.69190221254445e+19, 2.27284556575251e+19, 1.97520534918796e+19, 
    1.71359744807959e+19, 1.57257870464988e+19, 1.45379120672449e+19, 
    2.16673367767678e+19, 1.39318744521544e+19, 1.49548919564743e+19, 
    1.56274819108826e+19, 2.16673367767678e+19, 1.69469695314929e+19, 
    1.71346528678193e+19, 1.81892340524379e+19 ;

 ni =
  7.80792014088385e+18, 9.81170531571492e+18, 1.66351392377626e+19, 
    2.42843481737118e+19, 2.37890335785615e+19, 2.5949604713467e+19, 
    2.23504105745469e+19, 2.41419812091241e+19, 2.16673367767678e+19, 
    2.16673367767678e+19, 1.84883539917511e+19, 1.50684088354608e+19, 
    6.75506299049764e+18, 2.00229115843125e+19,
  1.81123693935633e+19, 2.88995746195807e+19, 3.05894910061235e+19, 
    2.85136944167429e+19, 3.01842330103579e+19, 2.16673367767678e+19, 
    2.8698203463e+19, 2.74882304990511e+19, 2.16673367767678e+19, 
    2.41347024421483e+19, 2.05593699045742e+19, 1.67821516389776e+19, 
    1.41516624285003e+19, 2.00229115843125e+19,
  4.52566814515391e+19, 3.94428773802317e+19, 3.98349940130222e+19, 
    3.69565737265744e+19, 3.4628661319968e+19, 2.16673367767678e+19, 
    3.26188222341144e+19, 3.03225471750856e+19, 2.16673367767678e+19, 
    2.7672066644192e+19, 2.36948714027588e+19, 1.91052086022358e+19, 
    1.11598341147171e+19, 2.16673367767678e+19,
  6.26639252421167e+19, 5.0679908206335e+19, 4.50531398590052e+19, 
    3.82452761211185e+19, 3.51914265554358e+19, 3.38567579777808e+19, 
    3.18895381616431e+19, 2.9389279506406e+19, 2.16673367767678e+19, 
    2.75397756041612e+19, 2.6252913792082e+19, 2.23752155568695e+19, 
    1.74417156791316e+19, 1.22484253930061e+19,
  7.0638062953818e+19, 5.11778638284152e+19, 4.02397638256251e+19, 
    3.07961706048431e+19, 2.16673367767678e+19, 2.80390308489855e+19, 
    2.57021838108918e+19, 2.44189174018353e+19, 2.41515337661463e+19, 
    2.66873946078907e+19, 2.56119820759723e+19, 2.49649964488401e+19, 
    1.98944424466999e+19, 1.51032160750613e+19,
  5.89453373345597e+19, 4.14106909326484e+19, 3.41407332439331e+19, 
    2.91838313607096e+19, 2.16673367767678e+19, 2.66075634666444e+19, 
    2.4449892843413e+19, 2.2527011933177e+19, 2.11260581975299e+19, 
    2.16673367767678e+19, 2.13626269203389e+19, 2.44007688629073e+19, 
    2.36381651900679e+19, 1.86580548154053e+19,
  5.90192157198532e+19, 4.17957530988351e+19, 3.52270133487804e+19, 
    2.98440727000263e+19, 2.7828014776406e+19, 2.59745812196035e+19, 
    2.5042501023482e+19, 2.31455334032894e+19, 2.08202642226361e+19, 
    2.16673367767678e+19, 1.98986711684203e+19, 2.03692291597596e+19, 
    2.35037213062699e+19, 2.29534487219169e+19,
  6.32327861700489e+19, 4.2663109443476e+19, 3.44214473585973e+19, 
    2.88685442024216e+19, 2.62020525832043e+19, 2.16673367767678e+19, 
    2.40549438686694e+19, 2.26217238647936e+19, 2.23217814907828e+19, 
    2.16673367767678e+19, 2.0319891873998e+19, 1.89878511291335e+19, 
    1.9617053255198e+19, 2.30383662039533e+19,
  6.35821889751236e+19, 4.26725344571493e+19, 3.49126849646318e+19, 
    2.93435046383185e+19, 2.66827942512401e+19, 2.16673367767678e+19, 
    2.45088266666618e+19, 2.29109350053173e+19, 2.08771441581642e+19, 
    2.16673367767678e+19, 2.00511778292394e+19, 1.9729623454673e+19, 
    1.83109763779118e+19, 2.0184990593363e+19,
  6.10587658089126e+19, 4.23369986927241e+19, 3.45041174388665e+19, 
    2.90280745435188e+19, 2.64238482677826e+19, 2.16673367767678e+19, 
    2.47564564764463e+19, 2.27917699350989e+19, 2.12513761348173e+19, 
    2.16673367767678e+19, 2.03307462527874e+19, 1.91875818143655e+19, 
    1.90685816708913e+19, 1.78029074478793e+19,
  5.42364324980043e+19, 3.77945907029397e+19, 3.13056073273406e+19, 
    2.65304877015373e+19, 2.41745619376784e+19, 2.16673367767678e+19, 
    2.27862217994252e+19, 2.11480242408296e+19, 2.09810370118728e+19, 
    2.16673367767678e+19, 2.00186982557549e+19, 1.93563766404384e+19, 
    1.85879851383904e+19, 1.83013270638664e+19,
  4.60872261468821e+19, 3.44542347953376e+19, 2.86500206644476e+19, 
    2.42250778999049e+19, 2.20204999116094e+19, 2.16673367767678e+19, 
    2.15587226201295e+19, 2.00151446341739e+19, 1.93920272054574e+19, 
    2.16673367767678e+19, 1.93915412213179e+19, 1.94548774891243e+19, 
    1.86338831517803e+19, 1.80610090064067e+19,
  3.6017713941756e+19, 2.83244222861143e+19, 2.39834096421663e+19, 
    2.05131046543006e+19, 1.8704062779958e+19, 1.55167819806865e+19, 
    1.91947308389693e+19, 1.77485783793276e+19, 1.74851881698706e+19, 
    1.77408795989099e+19, 2.16673367767678e+19, 1.79357075617937e+19, 
    1.87457892462321e+19, 1.80969058620303e+19,
  2.69190221254445e+19, 2.27284556575251e+19, 1.97520534918796e+19, 
    1.71359744807959e+19, 1.57257870464988e+19, 1.45379120672449e+19, 
    2.16673367767678e+19, 1.39318744521544e+19, 1.49548919564743e+19, 
    1.56274819108826e+19, 2.16673367767678e+19, 1.69469695314929e+19, 
    1.71346528678193e+19, 1.81892340524379e+19 ;
}
